INDEX 4060444444 (4606044446448. 569

844444446οηί4 444444, 232. 460,4444. 4; 463, 208, 240, 244242, 444. 4ς

84444444 449444444444444 6444444, 264. 247, 238, not. 2; 233, 240, 242, 243, 266,
8444444 Germanus, 24, 26, 42, 444, not 23 263, 277, 233.

462, 4444. 4, 463 44 4444. 4 ; 466, 470, 472, 84444444. Vid. 4444444444.

438 444444. 4 ; 202, 204, not, ⁴3 206 44 not. 4; 8444444444, 466.

444, 444, 444, 444, 444, 444, 444, 444, 444, simiam, 444, 444.

4444. 3, 488. , 8444444, villa, 343.
8444444444444444444444444,264. 8444444 seu 84444444, 336.
8444444 4444444 44 44464444, 264. 844444444444 22, 444. 4.
84444444 Laurentius, 462, not. 4. 8444444444, 320 et 444. 4.

84444444 44444444, 483. 84444, 46844444. 4; 4744444. 4.
84444444 44444444, 433. 8444444. vid. 8444444.

84444444 4444444444, 443, 444. 8444444, 467 44 not. 4,· 468, 444. 4.

8444444 4444444444, 264. 8444444444434.

84444444 4444444444, 436. Spita, 337, 406, 432, not 4; 436, 436, 437.
sm„ Nicotaus aa umanum, 254, 8444444 ducatus, 82, 203, 244 , 243, 246, 270,
8444444 Petrus 44 0444444444, 264. 274, 4444. 4 ; 436.

84444444 Ρο44444440444444,264. 8444444444 comitatus, 333.

84444444 4444444 44 Paterno, 264. 8444444444 (8444444444, 8444444444, 200, 204,

84444444 444444444444, 264. 437.
84444444 Petrus 44 4444444444, 264. 8444444044 4448444444ωὸ4, 364.

84444444 04444444, 44 Tuscia, 433, 444. 4. 8444444444, 373.
84444444 flammo. 8444444 castrum, 80.

’ Sanetus 3444444. vid. 34444444 34444444. 8444444444, 424·
84444444 Severus, 437 44 444. 4 ; 246, 432. 8444444044 seu 8444444444,’362 ’

8444444 84444444 441444444τί44, 264. 8444446444, 374, 373, 444. 4.
84444444 744444484444, 466 44 not. 4. sumpno, 483.

84444444 4444444444 44 844444 Afra, monasterium 844440, 484, 382, 449, 4404 4-
4444 Augustum, 472, 473. 8444444444 castrum, 474, 476

844444· vallis, 444, 4444. 2. Sumo, 36, 438, 246.

8444444 4448444444, 337, 338 444444. 4. 84444444 ducatus, 364, 366, 337, 400.

8444444444, 483. 8444444, 238, 4444. 2.

8444444, 346 44 4444. 4, 433. 84444444 seu 8444444444, 364 44 not 4.

44444444. summ, not. 4.

8444444444 4448444444444, 434. 8444444444, pagus 64444444, 482.

8444444 seu 84444444, 384, 386. 8444444444, 203.

8444444044, 466. 8444444444. vid. 8444444444.

8444444444844444444444, 406. 84444, 448. ’

8444444444444 4444444444444, 384, 386. 8444444844. 74484444. ,

8444444044. vid. 84444444. Ι 8444 seu 8444444, 32, 37, 406, 484, 482, 486,

8444444444 44444444,476. 488.

84444444. vid. 8444444. Sumen, 304.

8444444444 Ι4444444444, 48. syracusam, 244.

8444444444 44444, 48. Syria ‚ 74,73, 76, 444. 4; 86, 44444 3 404, 406,

84444, 46, not. 4; 433, not. 4;264, 263, 44444, 443, not. 4 ; 420, not. 4 ; 438, 444, 438, 4444.
888, 4444. 4. 2; 233, 4444. 4 ; 480, 434, 483, 486.

8044740, ffl· TW, ΗΒ.

84444444 casalo, 274, 276. 7444444444, 64, 66, 263, 263, 272, 273.

8444444, 40, 22, 4444. 4; 32, 34, 62, 76, 444, 4 Taurinum, 264.

¹¹¹· 44

 

