3344 mnu 4030444444 640344434333.

4444443444. 444. 444444443444.

4444444444. 444. 4444444444.

444444. vid. 44444444.

44444444444444444444, 373 44 444. 4; 432, 333,
444. 4.

umnam, 34, 444. 4.

4494444, 243.

1494443444, 423, 444. 4.

Numantinum, 244.

14444444, 377, 443 44444. 4.

uomens, 333.

44444444, 244.

1444444, 234, 234 44 444. 4 442; 233.

14444444. vid. 44444444.

4444444444 domus, 423, 434.

4444444, 33, 444. 4; 33, 443.

44444443444, 444444444444, 372, 444. 4.

444444444, 423, 424, 423.

44443444, 333, 444. 244414441444444.

14444444, 273, 433.

uam. vid. 4444444444.

Ham (444444 44), 474.

1444444444, 433, 234.

mmmm. 443.

4444444444, sou mammutium
(conventus 44), 444, 442, 474.

4444444, 444, 444, 444, 444.

4444444, 37, 444. 4.

4444444444, 234.

Mediterraneum 44444, 77.

44444, 424, 423.

44444444. 424, 423.

44444144, 37, 444. 4.

444444 seu 44444444, 42, 43, 472, 233, 444. 2;
233, 244,444. 2;242, 444. 4; 233, 233, 234,
237 , 332, 333, 444. 4) 334.

1444444 4444444ἡί44 4444444444), 242 44 444. 4.

4444444444, 443, 444. 2.

144κὸ444444, 433, 4444. 4.

44444444 sou 44444444. 444. lanuino 4444444.

Messenia 444 44444444 44444444, 423, 433.

4444444444 4444444, 333.

44444444, 433.

4444444444, 333, 444. 2.

4444444444444, 374.

1444444 4444444444, 334.

1444444444444444444 444 4444434444444, 22 44
23, 444. 4.

444444444 burgum, 442.

· uoldaha, 347.

notissimum, 474, 474, 437, 444 4.

14444444 (444444 44), 234.

umidior, 437.

1444444344, 244.

Hom 4344444444. vid. 0444444444 mmm

4444444444, 444, 444.4; 444.

Hm 144444, 337, 433 44444. 2

4444444444, 444444. 4 mm 444444.

um 8444344444, 232.

Nm 3444444. vid. 4444444ιὸ444.

Nemeaeum, 233.

44444444, 44, 444, 444, 444, 444, 444.

nonu· 4444444444 nomnium. 444. Em!-

44444444 4444444 Pan· 4444444444 , 444.

Montis 84444444 catellum, 43.

nonu· 44444444 mannaim, 34, 473.

44444 seu Hm, 44444, 433.

1444444444. vid. 4444344444.

44444444 (castellum), 43.

mamm, 444 uuum, 444 1444444444.

4444443444 (memmium 44), 423, 444. 4.

1444434444. 4444. 4444444444.

hachen, 433.

44444444, 234.

4444444444, 337, 333.

44444444. vid. 4444444444.

44444444, 274, 444. 4.

4444443444, 434.

444444 44 44444, portus 444444, 237, 233, 233.

4444444444 ou 4444444414, 32, 37, 443, 433.

Νωρο444,73,444. 3;34,33, 432, 233, 233,
444. 2; 433, 437.

4444444444 seu 14444444, 4444444,334, 444. 4;

4444444444 44444444, 237 , 233.

4444444, 433.

ucula 444444, 34, 444. 4.

4444443444, villa, 332.

44444444 444444444444, 73 44444.4;233, not. 4;
434, 433.

mmmm, 324, 444. 4.

444444, 44 4.

4444444444 abbatia , 447, 443, 443, 423.

44444444 444444, 237, 233, 233.

44444444, 423, 444. 4.

4444444444. 444. 4444444444.

 

