562 mnssx 4403043441 3303333313443.

Annae 3444444, 443.

44444344. 34444. 34444.

anm, 44444 444444, (044444444434, 444. 2.

44444444, emm, 243.

44444444, imula 4444444444, 433.

44444444, 354, 353, 333, 355, 4444. 4, 372, 373.

,44444444 1444444444, 433.

44444, 444, 444.

4444444444. vid. 04444444.

4444444444, 234 44 4444. 2.

444444, 253.

44444444, 233, 244.

Babylonia, 37.

44444444, 444.

34444444, m, 444,1444. 4.

3444 (monisterium 444), 433, not. 4.

4444444444 seu 3444444, 55, 33, 444. 4, 32, 452 et
not. 3, 434, 455, 455 44 not. 4.

emm, 444, 444. 4, 444, 444.

344444, seu 344443, seu 3444444, 73 44 444. 4,

3444444, 223, 353, 424, 444. 4.

3444444444, 243.

34444444344, mummium cineram or·
dinis in 44444444, 42, 43.

34444444, 337, 444. 4, 333.

34444444, 443.

3444444, 424, 425.

34444444. vid. 34434444.

3444444444, locus in (3444444444, 435.

344444454444, abbatia S. Benedicti, 477.

Beneventum, 444, 4444. 2, 335, 433, not. 4.

3444444444, 444.

3444444444 sou 34444444, 447.

nemum, 44, not. 4, 44, 44, 44, 444, 444.

4443443444, 353.

34344444, 433.

emmaum, 332, 333 44 444. 4.

4444444444ιί4 sou 3444433444 , 333, not. 2.

limmat, 437.

3444444, 443.

3444444444, 433.

3444444, 373.

34444444, 254.

3444444444, 472, 473.

34444444 seu 34444444, 323, 372 44 not. 4.

3444334444, 343, not 4.

novem 4444 3444444444, 337, 333 44 444. 4.

34444444. 7444. 3444444444.

mmmm 34444444, 3334443, 333

M, 333.

3444444444, 325.

3444444, 5, 254, 234, 44434 442, 233.

mm, 333.

3444444443, 343.

34444444, 334.

344434444444434344444,43,43,23,2444444. 4,
22,4444.4,23,33,35, 33,53444444.4,53,
mamma 444444;444, 444, 444 et
not.2; 432444. 3,453,44ο4. 4 , 435,233,335.
44034, 433, 333, 433.

3444444, 343.

3434444444, 457.

3444444444, 243.

3449444444, 233.

34434434 seu 3444444444. 4744. 4744444443.

3444444444 monasterium. Vid. 3444443444.

mnam, 444, 444.

344444. vid. 3444344434444.

3444434444. vid. 3444454444.

3444443444 (4444444444444 do), 447, 444. 4.

nummi, 4444, 444, 444.

3444444, 233, 244.

0433444, 443.

cada, 424, 423.

ommam, 73, 443. 4, 32, 37, 434,4ο4. 3,
332, 337.

04444444, seu 3444444, seu 04444, 444,444. 2,
444, 444. 4, 444, not. 4 ; 444.

34443444, 444, 233, 243, 237, 253, 275, 277.

34444444, 45244 444. 4.

34444444, 443.

Comama, 443.

0444444444, 433, not. 4, 433, 433, 444. 4, 473,

3444ῃί44444 4444444444. vid. 3444444443.

0444444444, 443, 445.

3444444444. vid. 0444444444.

eandida, 4444444, 333.

3444444444, 444.

3444444444, 437 44 not 4.

capitanata, 435, 245, 272, 273.

04444444444444, 33, 444. 4.

capua 44440444, 33, 33, 43, 444, not 2, 334,
435, 444. 4, 43244444. 4, 471 44444. 4, 472,
444, 444 οι not. 4, 444, 444, 444, 444, 444,
not. 2, 252 44 444. 4, 433.

 

