iuuux uomitum. 554

anaim 444 Naisso. vid. 34444444 34 44444444.

4444444444 4444444444. vid. 4444443444 34 4449444.

4444444444 34 Nissen, 343 Nilia, 333 44944944, aaa
444944, 433 444944, 443433, 4434334934433,
iestis, 70, 73, 333. 4; 453 34 344. 3; 454,
349, 364, 367, 347, 449, 339, 330, 333, 443,
333, 334.

4444444444 444 Nuntio. 4443. 4444444444 34 4449444.

4444444444 34 0444444444, tastis, 373.

4444444444 34 0994444444, 3434444337, 433343, 375,

4444444344 34 0444444444, 343 4444444449, 343 Or·
4445444, 333 0444454449, 443434339343343, 430,·
434, 333, 433, 333, 334, 333 ot 434 3.

4443444444, 3343444335 sau patuviensis 943490-
4333, 333, 434.

4444444444, praepositus Pingwauais, 373.

4444444444 444 Tuum, praepositus Auguaunais',
protonotarius 4349344444 34439343 33443, 373
33 334. 4; 400, 335.

4444444444 34 4434449344 tou 4434444449, 443443,
333, 333, 333.

4444444444 34 44449444, vid. 4444444444 34 4444444.

4444444444, patui, 9344444333, dux Saxouiaa, 333,
335. vid. 4444444444.

4444444444, filius, 9344444333, 333, 335.

4444444434844444434, 4434334933433, 73, 344. 4.

4444444444, 434343 do-scuwerin, 330, nui. 4.

4444444444 spuunt, 433443, 374.

4444443444 da Viuo 494444, fautor societatis Lom-
53444433 pro communi Paduao, 3.

4444444444, comas 33 3433335349, suu 34444443-
5349, tostis, 344, 333, 469.

444444444 34 344434, 433433 33 44433443 343 Aisa
443, 374, 435 at 334. 3; 353.

4444444444, milas da Wiuatain‚ 360.

4444444434, camerarius, 374.

4444444434, 3454945335 433 44345493433343 494-
scopus 3443 otiam Wurubunganais, Winobuu·
goonis at wiroeburgenuimut, 340, 343, 344,
334, 330, 334, 333, 335, 337, 343, 339, 373,

333, 333, 334, 333 at not. 23 334, 334, 333,ι

433, 434, 434, 333.

4444444444, 544333434433343 39544934, 439.

444444444444333444444344444934445443333443,
33333443, 3334334333, 343, 343, 333, 333,
334, 339, 373, 337, 336 44344. 4 3434 443,
363, 465, 367, 474, 375, 500, 503.

444444444444 4449444, 353.

4444444444, magistu 343433 S. 4444443 753343
34444343 333 Alamannorum, 40, 33, 34, 33,
33, 33, 34, 33 ot 344. 4, 33, 433, 433, 443,
443, 343, 433, 434, 433, 433, 434, 433, 434,
433, 433, 433, 434 canoa. a; 434, 433, 443,
443, 444 44 334. t; 433, 434, 433, 434, 334,
345, 343, 333, 337, not 4;333, 330, 334,
335, 337, 334. 4 ; 395, 393 34 uoti ; 303, 303,
333, 433, nou. a; 434.

3444444434, physicus, 374.

44444444434, praepositus 33 443333, 433.

3444444444, 334333 44 3435349, 45.

4444444434 34 33445444, sou 4444445349, 443
4444445449, 444334, 353, 355.

44444444434 34 4444444444, 335.

4444444444 34 4433444444, tastis, 395.

44444444444 34 0444444434, 433443, 343.

4444444434 34 34449443 333 3444449444 (Petro
9444 333 34344944), 9443439434 domus militina
Templi in Sicilia, 339, 330 34 334. 4.

3444444444, filius ludowiuii lantgravii 7443443-

· 94443 34 Saxoniaa 33344443 94434434,34,33, 357.

4444444444, aomos da wuuenberg, 344.

4419343914, :alsugo 33 333444 3344533443 3444343-
344 , .

anoton 34 0444444444, 443443, 336.
4444434444, 35533 monasterii 7394433443, tta.
Hartauioua 34 4444494434, 500.

4444444444, 343 4444444443 44 44444344, 333 44-
4445349, 343 4334444444, magister coquinae,
333, 334, 444.

44434344 444544, 3434434, 333 34 344. 3.

4445444944, abbatissa Niveiiauaiu, 343, 343, 343,
443, 334. 4.

44444454443444 44 (4444344444, 333 6444344444,
testis, 433, 333, 434.

444444934344 34 64443444, 443444, 350.

4444443444 844344, 374.

444444444444, papa, 4, 3, 3, 40, 344. 4 ; 45, 33,
34, 63, 30.

444444· 34 444444, amira! 33 4343934334, 333. ct.
4344444443 34 444444, 434334.

4444 sau 44444 34 34954444, 76, 334. 4 ; 430, 333,

44444 3444444, 333.

Hono, 35533 3445343344, 333 numianus, 33,
73 34 344. 4 ; 394, 393.

349444443433343 344543943439444,343,334, 333,
333, 333.

 

