INDEX LOCORUM uuuuuuufflcuu

44444, sylva, 464.

4444344444, 433.

4444444444, muns, 373.

uam 444 444444. vid. 44444.

fluuium, 433.

usqum. 4444. 444444.

444444464444, 373, 444. 4.

Iiuu‘lu'yuluuutz¹ monasuefium (143464444υεί3 ordinis
44 4444444, 43.

4444444ωὸ444, 46444444. 4.

3444464444, monasterium, 346.

444444444οά, 444 4444444444, 436.

4446444444, 343, 444. 4; 347, 363, 433, 443,
444. 4 443; 466, 444. 4.

444464444444944 (claustrum (44), 336.

Hierosolyma. 44444. 1444444444.

4444444444. Vid. 4444444444.

3444446444, castrum, 436, 444. 3.

4444444444, 466, 444. 4.

4444444434, 433. -

4444444444, 466.

444444, 44444444, 444 444444, 436, 436, 363.

3444444444, 436. viu. 444444.

Beuum, 463 44 444. 3; 433, 433.

Humum, 4444444, 443, 444, 446.

444444, 376.

4444444434, 336.

Hydruntum, 46,34 ,33, 444. 4; 33, 44,’43, 464. 4;
436, 433, 463,· ’

4444444444, 463.

4444444444. vid. 4444444444.

444444 44444444 Puri , 476.

4444444444, 46, 444. 3; 336, 444. 4.

1444444, 334.

14444, 334, 336.

44444443, 463.

4444444 comitatus, 366, 366.

444444 444 4444444, 46, 46, 46, 463, 444. 4 ; 344,
343, 363, 363, 373, 373, 333, 444. 4; 364,
444. 4; 464, 4444 ; 433, 444. 4; 443, 444 4.

1444444 [4144. 44414444.

444444, 447, 443.

444444 (444), 444, 444. hvid. 444444.

Ierusalem uu 4644444444, 66, 63 , 73, 444. 3;
33, 66, 444. 4 44 3; 36 44 444. 4; 63,34,63,
36,36,37, 33, 464 44 4ο4.3; 466,46744
444. 4; 463, 436, 433, 434,444, 443,464,
466, 436, 364, 346, 333 44 444. 4; 437, 466.

4444444, 376.

565

4444444, 443. ’

luppo 44414444, 76, 36, 36, 64, 33, 36, 36, 37,
464, 463, 443, 466, 467,463, 433433, 436,
444444, 444, not. 4; 444, 444.

4444444444, villu, 373.

1444444644 444 4444444444, 333, 334, 436.

Romanu, 337, 444. 4.

4444444444, 336, 444. 4.

3444444444, 36.

3444444444 444 1444344444, 366, 444. 4;

3444446444, coenobium, 334, 4444.

4444464444, 373, 444. 4.

4444444444, 363.

3644444444, 344 44 444 4 ; 363, 366.

uuum 44444, 344373, 373.

444444 (torraclo), 346.

4446444, 434, 436.

4444444444, 346.

4444444444, 46.

ΗΜ, 397, 14044 44

4444444444 (4444444444), 46.

444444444444 44444444 (Lanu), 363 44444. 4.

44444 (mutuum), 374, 376.

[4444444444 444 nummu 44444444 (4444444),

44444444, 636, 336.

4444444444, 333, 346.

Laeuium, 463 44 444 4, 3, 44 3; 443, 444, 433,
433 44 444. 4; 444.

444444 (44444444),66.

4444644,433.

444644, comitantum.

4444364444, 46444444 3.

4444444644 444 4444446444, 44444444,433,
43644444. 3.

nomia, ⁹·

4444444444, mummium 644444444444 ordini· 44
4444444, 43, 43, 66.

Limon, 76, 444 4; 446, 434, 463.

4444444444. vid. 43444444.

3444444 444 44444444. 434.

34444444 (4444444444), 364.

4444444, 447, 444. 4.

tour-uorum, 4, 446, 466, 466, 343, 364, 334,
4443.

um 444 lusor, 376.

Lucu, 364.

4444444, 376.

 

