INDEX 4000144444 GEOGRAPHICUS.

0444444444, 240.

04444444, 206, 206.

044444 Novum, 497, 244, 492.

caserta, 274, 276.

mma&

0444444444 4444444644, 40, 62, 444. 2, 466
44 not. 4 , 477, not. 4 ; 204, not. 4.

0444444444 arx, 444, not. 4.

04444444. vid. 0444444444 monasterium.

fflmfflmssffimstmffim.

0440444444, 604.

04444444 (4444444 do) 246, 249 44 not. 4.

0444444444 4464444. vid. 044444 84444.

0444444444 Novum, 244.

0444444444 44444, 448.

04444444, 496.

0444444444 0444444· sou do 04444444, 446, 444.

04444444 0444, 2464

04444444 0444444, 249, 260, 264.

0444444444 Novum. vid. 444444444.

04444444 seu 044444, 46 44 444. 4, 240.

0444, 269, 200, 264, 269, not. 4.

0444. vid. 04404444.

0444444 monasterium, 468, 269, 260, 264, 262
44 not. 4.

0444444, 482.

0444444· insula, (0444444), 489.

04444 44444444 8444444444, 626, 624.

aaa&

0444444444, 444, not. 2, 498, 244, 246, 246,
247, 246, 249, 220, 224, 226, 224, 404,
not„ 4.

044444 seu 04444 (oreta), 409.

0444444 ou 0444444. vid. 04444444.

chemenaten, 486.

044444 ou 044444, 76 44 444. 4, 466, 469, 440
4444442, 444444. 4, 466, 444.4,498, 44442,
299, not. 4, 484, 486, 486.

0444444444, 466.

0444444444, 444, 442.

44444Μη4ω.

(4444444444 casale, 264.

0444444444 imula, 489.

0444444444, 286, not. 4.

04444 44 04444444. vid. 04444444 (4444444 do).

0444444, 462, 444. 6, 497, not. 4, 246.

0444444 44444, 66.

044444444 444444, 664.

0444444444. vid. 444444444444,

044444444444 emm, 664.

0444444, 468 44 not. 6.

Columbaria, 660, 404.

0444444444, 666, 697, 406, not. 4, 464.

ὒοῖξέᾝέεῑωω, alias 4444444444, 79 44 not. 4,
, .

04444, insula, 489.
0444444444, 606 44 not. 4.

044444 (insula 4444444444), 276, 278 44 444. 4.
04444. Vid. 044444.

044444, 264,·

0444444444, 240. ·

0444444. vid. Chim.

44444444.
444444ω44444
44444444, 28, 40, 44, 42, 92, 99.

4444444444 fluvius, 404.

0444444444, ecclesia 444444444444, 69, 70, 447.
0444444444, 696, not. 2.

4444444444 44444. Vid. S. 44444444 44444.

4444444444, 670.
0444044444, 676.
44444 44444444, arx 4444444εεί44 in Cypro, 76,

444. 4, 299, not. 4, 484.
4444444444, 462, 466.
44444444 (Cydon), 469.
mamm-Am, id 444, 4444444444 longinqua, 87,
not. 4.
ωωωωᾼηωυη44444
444444 seu 4644444444, 664 444444. 4.
444444, 444, 444. 4.
4444446444, 662, 470.

mmmm, 686.

4444444444, 688.

4444444444, 649, 660.

44444444, 486.

&maman

44444444 (Aegyptus), 278.

4444444944, 447, 448. vid. 4444444444.
4444446444, 670.

444444444444, 664.

&mam

4444444444, 4444444644, 697, 606.
4444444444, 664.

4344444444, 668, not. 2.

4444444 seu 44444444, 628, 664 44 not. 4.
8444444444 4444444444, 269, 270. vid„ 444444.

 

