44444 44004444 434044444443.

Novaria, 264.

3004040944, 426, 426.

Novum 0444444444, 344.

Nuceria, 444.

3446444494 344 3044464944, 363, 333, 334,
404. 4, 633.

3044446449, 344 3444446449, 344 3044446440, 444
3444446444, 34430444644944, 344 3444446449,
seu 3044446446, 344 3444446444, 244, 242,
243, 342, 346, 346, 363, 366, 376, 376, 377,
373, 333, 432, 443, 443, 423, 422, 423, 423,
433, 434, 474, 476.

34444404 provincia, 33, 444. 4.

04404444 Sami 4444444, 244.

0444464444, abbatii 4444443, 363, 373.

0444449444 344 04444944, 333, 404. 2.

0446044 44344444, 234.

0444446064 344 0404649444444, 346, 347.

0044640444 (3664443 64), 336, 444. 4.

0994464444, 324, 322, 326, 326.

0444· 0334444444, 46.

0440444, 246.

0444044. 41444. 3944444444.

0444444444, 442, 443, 444, 464.

0444444, 444, 404. 2.

0404444944, 433.

0444444. vid. 4496444444.

044446449 344 0444464449, 4444344444, 326, 326.

3064464444, 446, 404. 2.

304444, 264, 234, 444. 4 44 2, 233.

3044444440, 443444, 444.

3044444404 Salium, 243.

344444440, 444.

3444444944, 363.

3044444, 337.

304440, 23, 404. 4.

3444044044, 337, 444. 4, 634.

30444440, 233, 243, 244.

3044444444, 64.

304440, 444.

34444 idoneis (44444 04 castrum 444), 444, 404. 2,
466, 404. 4, 244.

3449444444, 264.

3444444444, 63 44 404. 4, 76 44 404. 4, 34, 33,
404. 4, 34 44404. 4, 443, 444. 2, 442, 444 4,
444, 404. 3, 442, 444 44 4444, 447, 443,

404. 4, 463, 464, 463, 404. 2, 462, 466, 44
444. 4, 463, 472, 444. 4, 476, 404. 4,274,

444. 4, 334, 444. 4, 434, 444. 4, 434.

3430140444 444 440444, 64.

3444446004444 (0444444443 de), 434.
34440 30404440, 64.
34440 44 30440, 246.

34440440, 264.

34444 domus· vid. 344444604444.

344444944, 233.

3404646444, 434.

3644449006, 433.

3464446, 433.

34449044, 4444443443, 373.

344444, 434. “

3440, 264, 273.

3444044444, 264.

Pedium 0444940443, 266, 444. 4.

3040, 476, 444. 4.

344440444044, 443.

30404440, 434, 404. 4.

3044444440, 434, 404. 4.

3044 44944. vid. 664494644444.

34444040, 444.

304444 04444· 44344444, 244.

304404 0044444404, 433.

3444444 0404444044, 433.

3044444404 644444, 444.

34044444 episcopi, 323, 364.

3444440, 472, 436, 263, 262.

Principum, 277.

Provincia, 243, 243.

3444404 44344444, 33, 444. 4.

3444440, 434, 404. 4.

309440 44304444. vid. 494440.

3499444044, 33, 444. 4.

3404446044, 433.

3444444040 604440, 36.

0006439444, 424, 426.

04464446440 344 Ouidium, 427, 426.

onii (4.4), 434.

3040404444 344 3400404444, 442, 443, 444, 464,

3014044404404, 243.

3444494444 3444 nitimini, 236, 324, 337,
404. 4, 424, 422, 443 44 444. 4, 634.

3004444444, 36, 36, 262.

3444444440, 36, 37, 47, 43, 4444. 4,.264.

3404446449, 434.

34044, 46, 404. 3, 6344444. 4, 33, 444. 4, 267
44444. 4, 233, 233, 233, 433.

34046044, silva, 436, 436.

 

