570 mm 4050444444 580588954555.

74444444, 458, not. 4, 498.

14444, civitas, 48.

mamm 4444 74444444 monsterium, 484,
484.

7444444444 seu 7444444, 444, 4444. 8, 875.

74454444, 448.

744444, 448.

Tem 4444444444 8445444444, 488.
ratrammo, 448.

Tarvisium, 454.

7144444444. vid. 4144444444.

144484444444, 455.

7144444444 seu 7494444444, 857 44 not. 4, 858,

7144444444, 84, not. 4.

7444444 sivo 7444444, 45, 4444. 4, 84, not-⁴3
499, not. 4, 449, 454, 458, 478, 888, 484.

144444. vid. 74444444.

Tifernum. 1444. 04444444 (4444444 de).

7494444444. vid. 1444444444.

7444444444, 447 44444. 4.

74444444 44444. vid. Tyron.

7444444, 85, not. 4, 89.

7444444444, 888, not. 8, 895, not. 4, 404, 498,
484, 488.

7444444444, 854.

7444444444, 458, not. 8.

, 44444444, 444, 444.

4444444444, 444, not. 4.
rapto. vid. 74444444.
Tripolis, 88, not. 4, 89.
Tripolitana provincia, 448.
7444444444· metellum, 48.
74444, 84 et not. 4, 458, 4444. 8, 498.
7444444444, flumen, 445, not. 4.
Martum, 874, 4444. 4.
744444441444. 9844444445.
7811445444. 1444. 44444444.
74444444, 484, 488.
74444444441444. 7444444444.
7444444145. Tyron.

7444444 do 4444444, 844.
7444444444 4444444, 454.

Tyron, 98, 97, 495, 488,· 484, 485, 488.

784444 seu 8444, 78, not. 4, 484, 488, 484.

aarum, 444, 444, 444444.

4144444, 894, not. 4, 888, 885, 857, 858, 879 44
not. 4; 444, 444, 444, 444.

4144444444, 447 , not. 4.

41444444, 478, not. 4.

41444444444444 sou 4144544444444, 488.

414444444444, 458,444. 4.

41444444 441444, 458.

4144444444, 874, not. 4.

4144444. vid. 14444.

41444444 444444. vid. 8444444444.

1444444444, 454.

1444454444, 447, not. 4.

4444444444, 444.

1444144444, 458.

14444444, 478.

1444444444,854.

1444444444, 848, 885.

1444444, 44, 854, 894, 4444 44 8, 894, 498.

14444444, 45, 44.

14444444, 884, 494, 4444. 4 448, 498.

144444, 478.

14944444, 894.

14444 444 8. (4444444444, 98.

1544444444 4444444444, 48.

1444444444, 884, 888.

1444454444, 58, not. 4, 484, 444. 4.

1444444444, 474, 478.

1444444444,444, 4444. 4.

114444444, 488.

4141444444, flumem& 44 444. 4.

1144444444444444, 488.

4444444444, 444.

1144444, 488.

8454444454, 878.

4145444444, 844, 454ζ

4144444441, 44444, 484.

414444444444 seu 1144544444, momerium, 888,
488, 484, 459.

1144444444, 488.

4144844444444, castrum, 858, 4444. 4, 854.

· Woiumburq 4444 mmm, 488 44 not. 4, 445.

174444 4444 414484, 887 et not. 4, 847.
41444444, 887, not. 4. .

1144454444, 878. ,

4144444444444444444, 888.

1144444 seu 41444444, 874, 874.

4144444444, coenobium, 855.

114444448444444444, 44444444ιὶ444, 854.
1144444444, 875.

4144444444 (44444444444444444), 484, 448.
4144444444 seu Winpim, 884, 848, 849, 858,

 

