INDEX

4060444444 GEOGRAPHICUS.

ψ

46666,6664668, 66646468, seu 4666, 77 64 6644, 84, 84,444,664.4 644, 448, 664. 4,

664. 4, 78 64 664. 4, 79, 664. 4, 83, 664. 4,
94, 94, 94, 96, 96, 97, 403, 405, 440, 444,
664. 4, 447, 449, 664. 4, 440, 444, 444, 443,
445, 447, 448, 449, 430, 434, 434, 433, 434,
435, 437, 439, 440, 664. 4, 444, 664. 4, 447,
449, 493, 664. 4, 484, 484, 484, 488, 486,
6866

46664864 sivo 466646, 459, 46064664. 4.

4446444666, monasterium, 386.

448466, 477, 473, 479.

4466668 sou 446666, monasterium, 340.

44644468, 483.

umam.

4466864686. vid. 4468668646.

4466468646, 6 64664. 4, 9, 45, 48, 35, 39, 44,
48,6ο4.4,58,44564664.4,466,476,664.4,
404, 664. 4, 449, 444, 664. 4;437, 444, 447,
448, 463, 387, 389, 349, 344, 664. 4, 364,
664. 4, 377, 664. 4, 399, 403, 664. 4, 446,
6644 64 4, 447, 664. 4, 449, 664. 4, 438,
664. 4, 439, 444, 443 64 664. 4, 480.

4466844446, 85, 664. 4, 454.

444446 666 44446, 444, 664. 4, 464 64664. 4.

4066846 seu 44668664, nomen quibusdam sylvis
66666666, 396, 444.

Alpes, 379.

4466446, 333.

44466686, 464, 664. 3.

44666484 464446, 78, 394.

4466446, 474, 664. 4.

466484646664466, 349, 350.

4684468646, 459, 460 64664. 4.

4866646, 9, 664. 4, 40, 44, 664. 4, 44, 30, 34,
664. 4, 443, 407, 446, 447, 664. 4, 434, 434,
486, 437, 438, 439, 444, 664. 4, 444, 446,
464, 664. 4, 474, 664. 4, 448, 664. 4.

4666644666 44666446, 65, 75, 664. 4, 79, 80 64

111.

- 4646464646464646664, ’

470, 474, 664. 4.

484646, neu 484466, 56664. 4, 454, 664. 3, 483
64 664. 4.

4666466866, 370.

486446, 49, 55, 664. 4, 446, 664 4, 465, 664. 4.

46446646, 86, 664. 4, 89, 448.

4844660666 provincia, 448.

46464468, flumen, 475.

4664446866, 666616, 467, 458, 469.

Apustium, 444, 664. 4, 470.

Apulia, 40, 44, 35, 54, 64, 73, 75, 80, 664. 4,
444, 664. 4, 440, 664. 4, 444 646644, 454,
664. 3, 474, 476 64 664. 4, 495, 497, 664. 4,
458, 664. 4, 474, 477, 487.

46664646, 304, 30364664. 4.

466446. vid. 46644686, 460, 664. 4.

46646646, 466, 468, 664. 4, 470, 444.

466666666666666666
666466666666666666
66664666464ῃ64646,

4664646, 444, 444, 443.

Antium, 454.

4466664466, 444, 664. 4, 390.

4846666 464446, 30, 34.

4846646684, 454.

4466446866, 444.

46646.

66666666

46660666 (coenobium 46), 374.

466646

46666, 80.

Amr, 487.

466644 do 0664466646, 40, 664. 4, 304, 303 64 ’-
664. 6.

466644 46 446666 666 do 44686446, 49 64 664. 4.

74

 

