550 3131155 Nomou

Burmannus, 33333 33 1333333333 seu Dilingm,
333, 333 et not. 3, 333, 333, 333, 333, 333,
355, 357, 357, 355, 337, 393, 533, 533, 533.

113333333333, eomes 33 Kiburg, 333.

1133333333, comas 33 3133335333333 Wir·
33333333, seu Wiroemberg, 337, 339, 355, 357

1133333 3533113, filius 5333335333 33133333, 353.

3353333333 33 3331333313. vid. 3333333333 33
11315339.

1133333333, 3333333333 episcopus 3333333, 353,
333, not. 3.

1333333333, 5333333333 episeopus, 353, 333, 333,
333, 333, 33333333. 3.

1133333333, emoniensis archiepiscopus, 5, 333. 3 ς
mmwmmmmmm
337, 333. 3; 333, 333, 335, 353, 353, 353.

1133333333, 5333333333, seu Aystelensifflssins-
tudensis, seu 3333333333, episeopus, 333, 333,
333, 333, 333, 333, 333, 333, 333, 333, 333,
mmmmmmmm

3333333333, 3133333333 seu warmnoensis qi·
scopus, testis, 353, 333, 333, 333, 535, 353,
373, 357, 393, 333, 333, 337, 353, 353, 359,
333, 333, 333, 333, 333.

1333333333, dux 53333333 33 palatinus 333339
Rheni, 33, 333. 3 ; 353, 339.

1333333333, filius 33333 33333333, 337.

1133333333, imperator, 335.

1133333333, praepositus S. Germani in Spin, 355.

1333333333 3131335333, 333, 333, 333.

1133333333 33 1133533331, 353.

1333333333, filius comitis de 5333333333, 337.

1133333333 33 Novem, 333333, 333.

1133333333, comos Seynensis, seu 33 sam, 333,
393, 333, 335.

1133333333 do 8333335339, tastis, 355.

1333333333, dapifer 33 3333333335, 355.

1131333 do Nazareth, 333333, 335.

1133133333 13333333, 333, 333, 335.

113333, mi 33 Chypro. vid. 1133333333, mx Cypri.

11333333 11333333, sende 1133333333 11333, 353.

133333, duc 33 3333333333 33 Lambere. vid. 11333·
ricus, dux 33 Limbureh.

Henri 33 Nipho. vid. 1133333333 33 1133333.

1133313333, abhas Tegomsensis, 353.

1133333333, abbas 33 333333, 33.

nemim, 33333333 regis Angliae, 333.

533333533333333333333913333333333 episeo-
pus, toeu's (3333333 3333333333 33333333), 35.

3333333311, 333333333353, not 3; 393, 393.

1133333333 1 V, imperator, 355, 33 3.

flemus ν, imperator, 333, 333.

1133333333 VI, imperator, 37, 355, 353, 355, 355,
333, 333, 333.

1133333333 VII , mx Romanorum, 51333 impera-
333 morici, 33, 33, 33, 333 33, 333 et
333. 3; 333 , 333. 3; 393, 395. vid. indic.
dommenwrum.

1133333333, 3333333 333, 335, not 3; 333.

1133333333, rex 533375, 333. 3; 395, 333.3;

1133333333, marchio 33 3333333, 373.

1133333333, dux 33333333. 333. 1333333333, dux 33

1133333333,33333333333333,33333333353333333,

53333333, marchio 33 53333, 335 33 333 3 33 3,

1133333333, dux 53333333. vid. 1333333333, dux
53333333.

fleam, duxBrahantino‚wuBrnhnnziae,m
5333333333, 353, 337, 333, 333, 333, 353,
353, 357, 359.

11333333 de 33333333, lestis, 593.

nemim 3303133333πί3, 333333, 35.

13333333, plebanus 33 3335335333, 359, 353,

1133333333, eomes 33 333333, 333333, 337.

1133133333 3333333933, seu 6333113339, mmm·
rius, 373, 375.

1133333333, marchio 3333333, 335, 333. 3 ; 355, 337.

1133333333 3313393333, 335.

1333333333, filius 5333333333, comitis 33 133533·
gamunda, 393 .

1133333333, dux 33 3333533333, 333 333333333313·
burg, hombourg, 333 3333333333, neu Lym·
borch, 333 Lempurch, 33 , nom 33, 33, 77,
333, 333, 333, 333, 333, 333.3; 333, notu
333, 335, 353, 353, 355, 353, 353.

1133333333, 333333 filius ducis lotharingiae, 335,

flamm 33 113113, comes, 33 et 333. 3; 35,
33, 33.

1133333333 33 1333333333, 333313, 335.

1133333333, marchio 3333333333, 33.

1133333333 33 Horra, 3333333333333333 magister
3333333, 33, 33, 333, 333. 3, 333, 333. 3,
395, 397, 395, 333. 3.

13333333, eomes 3333333333 sou 133333333335,
337, 355, 357.

 

